
wp/table: {
  "start1": [59.426911, 10.469397000000072],
  "start2": [59.427009, 10.469669999999951],
  "wp1": [59.426911, 10.469397000000072],
  "wp4": [59.427009, 10.469669999999951],
  "wp3": [59.428095, 10.468119999999999],
  "wp2": [59.427999, 10.467841000000021],
}
