wp/table: {"A": [41.6908721,    -8.8231420],
           "B": [41.6904579,    -8.8226779],
           "D": [41.6900449,    -8.8222149],
           "E": [41.6915660,    -8.8220369],
}
