wp/table: {"wp1": [41.6903040,    -8.8225033],
           "wp2": [41.6911709,    -8.8214719],
           "wp3": [41.6910329,    -8.8213570],
           "wp4": [41.6901650,    -8.8223889],
           "green1": [41.6903000,    -8.8231199],
           "green2": [41.6914597,    -8.8211700],
}
