wp/table: {
  "start1" : [59.426946, 10.471205000000054],
  "start2" : [59.427093, 10.469810000000052],
  "finish1" :[59.427246, 10.46841500000005],
  "finish2" :[59.427164, 10.469155],
  "p1" : [59.426946, 10.4712050000001],
  "p2" : [59.428332, 10.471762],
  "p3" : [59.428621, 10.469016],
  "p4" : [59.427928, 10.468715],
  "p5" : [59.427759, 10.47011],
  "p6" : [59.427093, 10.4698100000001]
}
