compass:
  XOFFSET: -1102
  XSCALE: 1990
  YOFFSET: 348
  YSCALE: 2174
  ZOFFSET: 2028.563290580735
  ZSCALE: 389.26594613530216
wind_dir:
  ANGLEOFFSET: 15.484221017173432
  XOFFSET: -693
  XSCALE: 21734
  YOFFSET: 896
  YSCALE: 20931
